0 0.687617 0.907789 0.306922 0.184422
0 0.952688 0.927492 0.094625 0.145016
3 0.593484 0.651797 0.294813 0.246156
2 0.034203 0.223008 0.068406 0.143078
3 0.040945 0.344836 0.079766 0.114703
0 0.017031 0.325242 0.034063 0.065859
0 0.132633 0.231430 0.055516 0.066797
0 0.974141 0.317234 0.051719 0.077406
0 0.970000 0.273867 0.060000 0.062453
3 0.838258 0.246391 0.139484 0.155000
1 0.737047 0.273633 0.157813 0.120234
0 0.574750 0.287961 0.112312 0.089703
0 0.587906 0.245336 0.099219 0.069172
0 0.690852 0.210430 0.103359 0.077266
0 0.583359 0.184953 0.082656 0.056125
0 0.472047 0.228766 0.094219 0.064375
0 0.431375 0.254047 0.095906 0.069250
0 0.324523 0.226250 0.096891 0.074687
0 0.370437 0.208266 0.068781 0.054562
0 0.175492 0.174812 0.053641 0.050562
2 0.125742 0.146500 0.141609 0.152688
3 0.209969 0.101031 0.043562 0.055656
2 0.182008 0.044922 0.135766 0.089844
2 0.256313 0.056500 0.079156 0.076469
0 0.267445 0.088813 0.032203 0.037031
0 0.299883 0.088445 0.031703 0.035328
0 0.350094 0.073336 0.028563 0.031672
2 0.322016 0.025711 0.068250 0.051422
0 0.305391 0.058625 0.023438 0.022969
0 0.323125 0.066672 0.023906 0.033750
0 0.347117 0.048469 0.023766 0.022969
0 0.364461 0.034406 0.025328 0.032344
2 0.944766 0.062422 0.110469 0.124844
0 0.931758 0.122609 0.048016 0.042969
3 0.843875 0.041492 0.035625 0.043359
2 0.887234 0.050984 0.028656 0.032906
0 0.376813 0.017555 0.049219 0.035109
0 0.038961 0.922305 0.077922 0.155391
0 0.271828 0.916094 0.288250 0.167812
