0 0.703633 0.391109 0.067453 0.079063
2 0.148125 0.841719 0.296250 0.316563
1 0.442945 0.580430 0.096734 0.272766
0 0.467914 0.385313 0.052953 0.073250
0 0.489312 0.323297 0.044969 0.062375
0 0.920484 0.461820 0.083406 0.092828
2 0.973828 0.570250 0.052344 0.235719
0 0.978656 0.416883 0.042688 0.075359
0 0.928672 0.323758 0.054844 0.064328
0 0.957297 0.263414 0.041031 0.052078
0 0.993812 0.272148 0.012375 0.044422
0 0.639938 0.266937 0.046281 0.049969
0 0.607023 0.209922 0.032672 0.040688
0 0.567859 0.215836 0.028969 0.035203
0 0.515023 0.217930 0.028672 0.037141
0 0.568203 0.184297 0.029844 0.033937
0 0.284375 0.280398 0.044688 0.055109
0 0.247078 0.256234 0.034063 0.046406
0 0.421383 0.187445 0.024359 0.033672
0 0.407180 0.157117 0.024109 0.032234
0 0.440375 0.124992 0.017906 0.024359
0 0.459844 0.082242 0.011469 0.012891
0 0.443359 0.082734 0.012969 0.013281
0 0.535695 0.073086 0.010797 0.013203
0 0.544531 0.064219 0.009375 0.010313
0 0.475391 0.075859 0.012813 0.016875
0 0.942109 0.891539 0.115781 0.197516
3 0.890758 0.254367 0.036141 0.066328
0 0.571438 0.064211 0.013187 0.016391
