0 0.689797 0.520055 0.139688 0.136203
0 0.700141 0.772383 0.167187 0.213516
0 0.203703 0.198555 0.072938 0.078172
3 0.288305 0.179602 0.068141 0.075203
0 0.336562 0.326328 0.080000 0.098594
3 0.267367 0.236797 0.081922 0.095687
0 0.471633 0.361859 0.097703 0.093937
3 0.494867 0.474867 0.099672 0.162141
2 0.756695 0.349188 0.371797 0.348406
1 0.446453 0.221570 0.161938 0.213016
0 0.985703 0.930383 0.028594 0.139234
0 0.987375 0.472250 0.023000 0.136719
0 0.982867 0.387172 0.034266 0.080750
0 0.916242 0.332977 0.104516 0.103547
0 0.817430 0.260711 0.080984 0.058922
0 0.751227 0.213672 0.070797 0.063781
0 0.687711 0.168547 0.050422 0.063344
0 0.618227 0.153297 0.044859 0.054562
0 0.660906 0.131469 0.040500 0.052125
0 0.641383 0.108438 0.035391 0.043406
0 0.581859 0.107586 0.034187 0.051391
0 0.613375 0.066852 0.026437 0.038797
0 0.578945 0.077766 0.033703 0.029094
2 0.570586 0.032297 0.038797 0.063781
0 0.608047 0.041875 0.028375 0.040250
0 0.606102 0.015328 0.020609 0.021094
0 0.480500 0.087211 0.028375 0.044859
0 0.327773 0.007492 0.020234 0.014984
2 0.145594 0.128914 0.178812 0.129703
0 0.789086 0.018688 0.021547 0.037375
